DSM_Qvec	DSM_Int	DSM_Error
0.0001797589722580183	8789.206549187049	69.80927071455348
0.0001924495973754309	7901.358629594642	108.8367752653385
0.0002054388254366829	7136.967230220634	120.1051555621131
0.000219323862329626	6367.773210739377	120.0101906485824
0.0002335075021663677	5878.850178669691	113.2495279709765
0.00024843764936278	5503.013454994884	99.77876653527352
0.0002638157009749047	4907.375786638444	83.48834800960685
0.0002799402599466329	4396.55159437495	68.32940873371257
0.0002969606277498782	3940.013506179151	55.16233637257342
0.0003144288999687202	3588.35115133819	45.02993593126635
0.0003326436795470241	3242.43578702777	40.50662802063286
0.0003517542679566788	2866.176217800864	40.90024627825217
0.0003716113637256625	2607.42688421672	41.58580667680253
0.0003922149668539009	2334.421934489051	38.40474753796433
0.0004137143788132498	2217.165742272856	31.65989317524263
0.0004362589010755395	2082.351581873375	26.85075838800667
0.0004595499306967835	1939.134543997151	27.28282974510071
0.0004840353720926402	1860.485969113853	29.1748784170786
0.0005094166223191002	1727.961383082865	27.76543678759975
0.0005358429828479183	1665.3411574771	22.74096386497211
0.0005633144536789027	1557.928185452451	17.58386868871123
0.0005921296377556343	1453.282390303537	15.57900035773555
0.0006221392336059421	1346.470061967836	15.92239401573848
0.0006531939397576604	1288.609013367125	15.62387917233713
0.000685741660626109	1215.816775965735	13.7728834459713
0.0007196330947390197	1175.584451789023	11.39421755793542
0.0007548682420959731	1135.843748337016	9.342541341158345
0.0007915964041683396	1109.1286265457	8.046094961323291
0.0008299668824273877	1083.089937455231	8.023176084539767
0.0008698303754006629	1057.160581822086	9.199217257402797
0.0009114854860310663	1041.062736756227	10.37707080794546
0.0009549322143177535	993.5535768079573	10.83685570668214
0.001000021258788046	951.9322493645406	11.63703900380561
0.00104705122238443	935.155242828031	14.15108667972975
0.001096320708049109	929.3824465143972	17.65090780726062
0.001147381811365592	872.2971042677691	19.55227919582242
0.001200533135275793	879.1348344571143	18.50841520123304
0.001256073282721254	849.4734379757085	15.49335416837397
0.001313852952228343	861.1799273130299	12.14158176602613
0.001374170746737991	848.7903198795088	9.919854528950601
0.001436877364776095	832.2440127533433	9.172388344424007
0.00150242071075429	795.6011644473025	8.551845397945289
0.001570651483197744	785.6362428145334	7.367004195109764
0.001641569682102842	774.6140139299789	6.658501078350632
0.001715623211879506	756.3188981322244	6.85647109766662
0.001792812072522837	749.7274118102303	7.173696580775433
0.001873136264027445	759.5401858214996	7.241270269798955
0.001956894389329592	766.2754046863849	7.215412630871009
0.002044235749893322	753.2230706265921	7.315641756782012
0.002135160345710723	747.6803466711234	7.882932295147367
0.002229817478243932	734.7359031077623	8.44923014745315
0.00232865505189528	746.3781461798341	7.899920508694651
0.002431523765182374	736.4388514374028	6.748924836691048
0.002538722221033589	726.9079795593159	6.730104427147797
0.002650399720904685	717.6824812469755	7.650739927790235
0.00276685486771963	734.4726982902783	7.810878446498133
0.002888236962929499	733.8995262938355	7.404146503872294
0.003014546006512959	739.7979377337481	8.143318514652577
0.00314622990285566	742.9117357847982	9.650355007550267
0.00328343795339964	714.797299418525	9.58782149447679
0.003426468761052651	719.728409883758	7.501004179165893
0.003575471627248545	720.1696676649732	5.360573918822344
0.003730745154885477	722.5803267117074	4.445850417716638
0.003892438645387093	730.8869805481237	4.331999624418816
0.004061149304575956	740.1934803159793	4.389072907879363
0.004236727830925406	742.2778618486119	4.570834779494133
0.004419920731709184	744.0549455133789	4.936579976387572
0.004610578705384814	750.4902938046289	5.224318354907725
0.004809448259203871	744.6284512049574	5.347798774518733
0.005016529393070158	739.8592449161137	5.605956357693993
0.005232270011275027	741.7055231388425	5.967274952374357
0.005457118018093171	756.2452056633635	6.169116365157251
0.005691521317780557	763.1492964659026	6.238887664280835
0.00593562921164449	776.1964496473009	6.086438953015183
0.006190038905363648	774.0254418360225	5.678550308157128
0.006455049001663251	776.9123349266567	5.738658521156706
0.006731406007627107	779.3750286959441	7.003534692337256
0.007019408525917846	771.3533947522349	9.326686812749006
0.007319355159165209	782.1160633001676	11.85582519292932
0.007631843112879602	815.8511185956576	13.09774573147998
0.007957469592522049	807.169297402178	11.90542926510056
0.008296831803498205	832.9849616117559	9.380633757687402
0.008650526951151684	866.1923583803024	7.92198958118407
0.009018853637850453	907.8513906938208	8.25792066398267
0.009402856973155375	935.6961669032838	9.41271064029328
0.009802835559272577	949.1485838689479	10.98307071341673
0.01021983450556506	988.0244922600194	13.00823441445736
0.01065415241403592	1019.414063540599	14.0630637257232
0.0111069836952451	1116.690382919531	12.77142316316909
0.01157847764949397	1201.613500990309	10.96509726709564
0.01207012728990759	1299.838416093547	12.01395625126492
0.01258223121789405	1392.803918805289	16.17629583978856
0.01311583454185608	1471.0672728456	20.06954571238357
0.01367198236994674	1638.321442158561	21.28473117947614
0.01425142120718918	1794.333762242457	21.71078549215916
0.01485519616116661	2021.021033492788	25.10320316402473
0.01548420303769833	2261.956836280197	34.03263125520446
0.01613993484788057	2612.527380924689	50.80304980563497
0.01682283949247108	3058.559874006783	75.38768282558873
0.01753470858443508	3671.641716769569	99.80038332565655
0.01827643792771413	4697.958799042081	122.3860751172969
0.01904922192844298	6004.047263748676	182.725987144579
0.01985470289619526	7795.645205885865	325.5282903988084
0.02069392593417623	9647.293375403357	482.9051331788937
0.02156823474747005	9237.715364747279	516.1921110509552
0.02247942094421	6411.735615775545	421.892496225584
0.0234288282272432	3738.991046189821	316.660662414346
0.02441809890081032	2111.521994979344	243.8621806546473
0.02544902456896263	1187.429471739011	173.6391808611511
0.02652324753270338	717.6112056692863	105.4437199438893
0.0276427086937368	441.4889147958766	58.32685615215907
0.02880905034898237	278.915555932839	33.5276915840239
0.0300243626967922	178.3118831434314	21.64374824885005
0.0312907359326841	133.4227732038465	15.16866604224734
0.03261026024900795	125.9506207301709	10.79868473022543
0.03398547373818911	148.0943810977067	8.148214994529472
0.03541816798252764	186.090584642069	7.633108682210953
0.03691132896934442	237.4448744133083	8.692581307969494
0.03846689757250719	265.2333284407878	9.744211808965076
0.04008800906926961	263.8000969983589	9.552901857569594
0.04177720152560131	238.2591869302243	8.031650792131037
0.04353731160222387	183.2297264753111	6.13365983238362
0.04537147455340393	130.3702268438844	4.949401139685234
0.04728267632270639	87.56287874046953	4.507483027735663
0.04927420144479792	58.55853845595959	4.083826698067972
0.05134918514115388	40.66331310640812	3.347306292121739
0.0535113598229256	30.76072229622784	2.405466196682756
0.05576445788525822	30.14250850484399	1.502899726529707
0.05811236100609316	31.16538852174865	0.9622884428550829
0.06055880154250463	32.36522367732041	0.8020205560359241
0.06310795973090051	29.88103920640953	0.7042591040656364
0.06576416508235586	24.91584355763396	0.5639209360654995
0.06853204567956848	20.00769230441156	0.5268241376874992
0.07141622957196711	14.35700734313729	0.5817600439859347
0.07442149407201354	11.64980711980238	0.5843239958048301
0.07755306435051648	9.623421873655118	0.4930126651965167
0.08081631483009959	9.624338784297249	0.3615104913548884
0.08421647057927911	8.77895470602455	0.2616837324970401
0.08775950310497214	7.91916850260407	0.2253041626466607
0.09145123454462682	6.233300953398873	0.2099129000481819
0.09529823345506432	5.280397667481427	0.1752669568702954
0.09930691900395648	4.480504152276145	0.1367212292196698
0.1034838595582162	4.137947202921258	0.1164128043062003
0.1078363698665249	3.833930058676204	0.1085308949490113
0.1123716152494233	3.133976308011212	0.09460627687364911
0.1170975073751656	2.738588591712769	0.07009970264887969
0.1220218084482698	2.369887440037045	0.04770351339601634
0.127153026977976	2.098917367953463	0.03730445343721477
0.1324998205594885	1.847412583289856	0.03733140947525312
0.1380711451446529	1.571966142028636	0.03977870835442276
0.1438767029007008	1.461857463506918	0.03946638361802779
0.1499260463914634	1.296351054605567	0.04036176986007765
0.1562293250228069	1.102287313657997	0.0451060636505277
0.1627977328796973	1.058807526592715	0.04744158457933732
0.1696417171253456	0.8981812058935743	0.04472284793076316
0.1767733666705451	0.864489506728075	0.04464884666642481
0.1842046205606303	0.8523869849386178	0.05140622377429059
0.1919480143764629	0.6673948480325372	0.05402311242888778
0.2000166801463311	0.675163836720999	0.03683534224222459
